<?xml version="1.0"?>
<opencv_storage>
<Q type_id="opencv-matrix">
<rows>4</rows>
<cols>4</cols>
<dt>d</dt>
<data>
1.0 0.0 0.0 106.720982552 0.0 1.0 0.0 -291.303436279 0.0 0.0 0.0 -568.884805935 0.0 0.0 1.0 -0.0</data></Q>
</opencv_storage>
